[caption.jpg]
filters=autolight=1;finetune2=1,0.000000,0.000000,0.000000,00000000,1.000000;warm=1;finetune2=1,0.000000,0.000000,0.000000,00000000,0.040936;
moddate=11ba586ca603d301
width=955
height=481
textactive=0
